CM000602.2_930714-943649	NODE_961_length_6872_cov_14.141558	100.000	5848	0	0	7089	12936	1	5848	0.0	10547
CM000602.2_930714-943649	NODE_961_length_6872_cov_14.141558	74.016	127	25	2	10059	10179	1086	1210	1.27e-12	79.7
CM000602.2_930714-943649	NODE_1008_length_6133_cov_10.058736	100.000	1801	0	0	1	1801	4333	6133	0.0	3249
CM000602.2_930714-943649	NODE_1008_length_6133_cov_10.058736	79.630	54	10	1	3317	3370	5662	5610	0.026	45.5
CM000602.2_930714-943649	NODE_2129_length_1569_cov_13.507926	100.000	1569	0	0	2451	4019	1	1569	0.0	2830
CM000602.2_930714-943649	NODE_2129_length_1569_cov_13.507926	79.630	54	10	1	1278	1330	920	867	0.026	45.5
CM000602.2_930714-943649	NODE_1954_length_1823_cov_12.599548	92.287	1115	83	3	1612	2723	393	1507	0.0	1613
CM000602.2_930714-943649	NODE_1954_length_1823_cov_12.599548	80.612	392	52	7	1068	1451	1	376	1.11e-95	355
CM000602.2_930714-943649	NODE_3036_length_831_cov_14.900773	100.000	831	0	0	3993	4823	1	831	0.0	1499
CM000602.2_930714-943649	NODE_1007_length_6137_cov_14.169352	94.444	900	50	0	7089	7988	1	900	0.0	1398
CM000602.2_930714-943649	NODE_3407_length_702_cov_13.180835	100.000	702	0	0	1764	2465	1	702	0.0	1267
CM000602.2_930714-943649	NODE_2173_length_1512_cov_14.956760	94.059	505	29	1	3993	4496	1512	1008	0.0	773
CM000602.2_930714-943649	NODE_2173_length_1512_cov_14.956760	97.188	320	9	0	4504	4823	320	1	1.64e-150	537
CM000602.2_930714-943649	NODE_2254_length_1394_cov_10.704257	93.047	489	34	0	2451	2939	1	489	0.0	729
CM000602.2_930714-943649	NODE_3326_length_719_cov_11.277108	79.632	761	86	11	1068	1801	1	719	0.0	687
CM000602.2_930714-943649	NODE_3326_length_719_cov_11.277108	78.182	55	11	1	3317	3371	267	214	0.091	42.8
CM000602.2_930714-943649	NODE_3326_length_719_cov_11.277108	77.273	66	12	3	600	664	85	148	0.32	41.9
CM000602.2_930714-943649	NODE_755_length_11981_cov_16.904578	87.646	429	46	2	7986	8413	3588	4010	2.00e-149	533
CM000602.2_930714-943649	NODE_755_length_11981_cov_16.904578	83.983	231	32	2	8101	8329	2887	2660	4.14e-63	246
CM000602.2_930714-943649	NODE_755_length_11981_cov_16.904578	80.357	112	16	2	10059	10164	3777	3888	3.89e-19	100
CM000602.2_930714-943649	NODE_755_length_11981_cov_16.904578	73.889	180	39	5	8239	8415	11798	11972	1.36e-18	98.7
CM000602.2_930714-943649	NODE_755_length_11981_cov_16.904578	74.107	112	23	1	10059	10164	2814	2703	5.40e-11	73.4
CM000602.2_930714-943649	NODE_3711_length_613_cov_13.351254	93.373	332	22	0	2134	2465	332	1	1.18e-139	500
CM000602.2_930714-943649	NODE_3711_length_613_cov_13.351254	89.510	286	26	3	1764	2047	613	330	1.44e-100	371
CM000602.2_930714-943649	NODE_2891_length_897_cov_10.979810	85.681	433	57	2	7986	8415	575	145	1.44e-138	498
CM000602.2_930714-943649	NODE_2891_length_897_cov_10.979810	78.261	115	19	2	10059	10167	387	273	2.01e-16	92.4
CM000602.2_930714-943649	NODE_945_length_7134_cov_8.648820	84.527	433	55	2	7986	8415	4749	4326	1.11e-133	481
CM000602.2_930714-943649	NODE_945_length_7134_cov_8.648820	81.167	377	58	5	7992	8365	1488	1122	4.72e-94	350
CM000602.2_930714-943649	NODE_945_length_7134_cov_8.648820	83.333	270	40	3	7986	8254	638	903	8.53e-72	276
CM000602.2_930714-943649	NODE_945_length_7134_cov_8.648820	75.000	140	27	3	10059	10192	4561	4424	7.02e-16	89.7
CM000602.2_930714-943649	NODE_945_length_7134_cov_8.648820	73.043	115	25	1	10059	10167	1307	1193	6.58e-10	69.8
CM000602.2_930714-943649	NODE_3519_length_669_cov_10.861564	84.419	430	44	4	7986	8415	257	663	1.35e-132	477
CM000602.2_930714-943649	NODE_3519_length_669_cov_10.861564	80.952	105	17	1	10059	10160	445	549	1.36e-18	98.7
CM000602.2_930714-943649	NODE_1437_length_3189_cov_9.097320	82.176	432	44	4	7986	8415	410	10	7.97e-123	444
CM000602.2_930714-943649	NODE_1437_length_3189_cov_9.097320	70.609	279	65	11	8008	8277	886	1156	3.89e-19	100
CM000602.2_930714-943649	NODE_1437_length_3189_cov_9.097320	73.723	137	33	1	10059	10192	222	86	2.99e-14	84.2
CM000602.2_930714-943649	NODE_4006_length_550_cov_11.707071	83.213	417	49	3	8002	8415	550	152	2.78e-122	443
CM000602.2_930714-943649	NODE_4006_length_550_cov_11.707071	76.289	97	17	1	10060	10150	386	290	5.40e-11	73.4
CM000602.2_930714-943649	NODE_3686_length_620_cov_11.270796	87.079	356	37	2	7992	8344	526	177	1.44e-119	434
CM000602.2_930714-943649	NODE_3686_length_620_cov_11.270796	80.000	115	17	2	10059	10167	344	230	3.89e-19	101
CM000602.2_930714-943649	NODE_2245_length_1402_cov_9.299926	82.135	431	59	3	7986	8415	565	152	1.44e-119	434
CM000602.2_930714-943649	NODE_2245_length_1402_cov_9.299926	77.953	127	20	2	10059	10179	377	253	1.11e-19	102
CM000602.2_930714-943649	NODE_2965_length_861_cov_10.837469	80.841	428	46	4	7986	8411	339	732	1.11e-114	417
CM000602.2_930714-943649	NODE_2965_length_861_cov_10.837469	79.104	134	28	0	10059	10192	527	660	5.05e-24	116
CM000602.2_930714-943649	NODE_1493_length_2953_cov_8.722567	81.364	440	61	6	7986	8415	2531	2103	3.87e-114	416
CM000602.2_930714-943649	NODE_1493_length_2953_cov_8.722567	80.620	129	22	1	10059	10184	2342	2214	1.45e-24	119
CM000602.2_930714-943649	NODE_1465_length_3059_cov_8.415113	80.690	435	51	5	7986	8415	433	839	1.35e-113	414
CM000602.2_930714-943649	NODE_1465_length_3059_cov_8.415113	77.372	137	28	1	10059	10192	621	757	9.14e-21	106
CM000602.2_930714-943649	NODE_1465_length_3059_cov_8.415113	89.796	49	5	0	8367	8415	1636	1684	8.01e-09	67.1
CM000602.2_930714-943649	NODE_8776_length_228_cov_12.959538	100.000	228	0	0	6118	6345	1	228	4.71e-113	412
CM000602.2_930714-943649	NODE_1124_length_4921_cov_8.829018	80.974	431	55	5	7986	8415	2416	2012	1.64e-112	410
CM000602.2_930714-943649	NODE_1124_length_4921_cov_8.829018	68.333	420	71	16	8015	8415	3494	3118	1.27e-31	142
CM000602.2_930714-943649	NODE_1124_length_4921_cov_8.829018	79.412	102	21	0	10059	10160	2228	2127	7.02e-16	90.6
CM000602.2_930714-943649	NODE_1591_length_2592_cov_9.476547	80.465	430	52	4	7989	8415	555	155	5.74e-112	408
CM000602.2_930714-943649	NODE_1591_length_2592_cov_9.476547	75.000	140	27	2	10059	10192	370	233	5.77e-17	94.2
CM000602.2_930714-943649	NODE_3534_length_663_cov_14.006579	80.000	430	42	5	7989	8415	461	73	6.99e-111	406
CM000602.2_930714-943649	NODE_3534_length_663_cov_14.006579	80.734	109	21	0	10059	10167	276	168	1.11e-19	103
CM000602.2_930714-943649	NODE_1792_length_2097_cov_10.881489	86.567	335	31	4	7988	8314	434	762	3.62e-108	397
CM000602.2_930714-943649	NODE_1792_length_2097_cov_10.881489	77.852	149	17	4	8190	8335	1942	1807	5.05e-24	117
CM000602.2_930714-943649	NODE_1792_length_2097_cov_10.881489	83.333	102	17	0	10059	10160	624	725	2.62e-21	108
CM000602.2_930714-943649	NODE_1792_length_2097_cov_10.881489	79.570	93	18	1	10075	10167	1942	1851	1.27e-12	79.7
CM000602.2_930714-943649	NODE_1792_length_2097_cov_10.881489	76.000	100	7	3	8316	8415	818	900	1.55e-11	75.2
CM000602.2_930714-943649	NODE_823_length_9504_cov_7.567256	88.644	317	32	4	549	864	953	640	3.62e-108	396
CM000602.2_930714-943649	NODE_823_length_9504_cov_7.567256	80.876	251	35	4	1005	1253	305	66	3.18e-58	231
CM000602.2_930714-943649	NODE_823_length_9504_cov_7.567256	79.365	63	13	0	1147	1209	902	840	1.45e-05	56.3
CM000602.2_930714-943649	NODE_9192_length_218_cov_13.085890	100.000	218	0	0	4903	5120	218	1	1.26e-107	394
CM000602.2_930714-943649	NODE_8775_length_228_cov_13.450867	98.246	228	4	0	6118	6345	1	228	1.26e-107	394
CM000602.2_930714-943649	NODE_4092_length_536_cov_11.864865	81.205	415	49	7	8000	8414	1	386	4.41e-107	392
CM000602.2_930714-943649	NODE_4092_length_536_cov_11.864865	80.392	102	20	0	10059	10160	175	276	1.65e-17	95.1
CM000602.2_930714-943649	NODE_2069_length_1637_cov_9.501264	80.742	431	66	6	7989	8415	281	698	4.41e-107	392
CM000602.2_930714-943649	NODE_2069_length_1637_cov_9.501264	77.064	109	25	0	10059	10167	466	574	2.99e-14	85.1
CM000602.2_930714-943649	NODE_3050_length_825_cov_11.244156	79.405	437	52	6	7986	8415	304	709	1.54e-106	390
CM000602.2_930714-943649	NODE_3050_length_825_cov_11.244156	74.265	136	33	1	10059	10192	492	627	8.56e-15	86.0
CM000602.2_930714-943649	NODE_1879_length_1929_cov_8.527748	79.770	435	68	4	7986	8420	1453	1867	5.38e-106	389
CM000602.2_930714-943649	NODE_4509_length_470_cov_23.416867	85.251	339	44	2	8009	8344	470	135	2.29e-104	383
CM000602.2_930714-943649	NODE_4509_length_470_cov_23.416867	80.292	137	22	2	10059	10192	305	171	1.19e-25	122
CM000602.2_930714-943649	NODE_3043_length_827_cov_8.545337	80.094	427	76	3	7989	8415	409	826	7.98e-104	382
CM000602.2_930714-943649	NODE_3043_length_827_cov_8.545337	79.130	115	18	2	10059	10167	594	708	4.73e-18	96.9
CM000602.2_930714-943649	NODE_1705_length_2283_cov_9.157540	91.386	267	23	0	7986	8252	267	1	9.72e-103	379
CM000602.2_930714-943649	NODE_1705_length_2283_cov_9.157540	76.623	77	12	2	10061	10131	77	1	1.45e-05	55.4
CM000602.2_930714-943649	NODE_9190_length_218_cov_14.000000	98.165	218	4	0	4903	5120	218	1	3.39e-102	376
CM000602.2_930714-943649	NODE_9809_length_204_cov_15.395973	100.000	204	0	0	6924	7127	204	1	5.04e-100	369
CM000602.2_930714-943649	NODE_4164_length_526_cov_13.371550	86.120	317	40	2	8002	8318	1	313	5.04e-100	369
CM000602.2_930714-943649	NODE_4164_length_526_cov_13.371550	79.348	92	16	1	10059	10147	172	263	1.27e-12	79.7
CM000602.2_930714-943649	NODE_4164_length_526_cov_13.371550	93.878	49	3	0	8367	8415	461	509	1.55e-11	76.1
CM000602.2_930714-943649	NODE_4164_length_526_cov_13.371550	96.429	28	1	0	8316	8343	368	395	0.008	47.3
CM000602.2_930714-943649	NODE_1273_length_3903_cov_8.988046	85.139	323	43	2	7992	8314	284	601	7.47e-98	362
CM000602.2_930714-943649	NODE_1273_length_3903_cov_8.988046	77.320	97	19	1	10074	10167	481	577	1.55e-11	75.2
CM000602.2_930714-943649	NODE_1273_length_3903_cov_8.988046	86.275	51	7	0	8365	8415	681	731	3.41e-07	61.7
CM000602.2_930714-943649	NODE_1273_length_3903_cov_8.988046	81.818	44	6	1	8012	8053	3814	3857	0.32	41.9
CM000602.2_930714-943649	NODE_748_length_12121_cov_8.420272	84.337	332	40	3	7985	8314	3436	3115	7.47e-98	362
CM000602.2_930714-943649	NODE_748_length_12121_cov_8.420272	68.182	330	85	8	8015	8335	5010	4692	3.19e-20	104
CM000602.2_930714-943649	NODE_748_length_12121_cov_8.420272	72.857	140	31	2	10059	10192	3256	3118	1.27e-12	79.7
CM000602.2_930714-943649	NODE_10145_length_197_cov_27.028169	100.000	197	0	0	6604	6800	1	197	3.18e-96	356
CM000602.2_930714-943649	NODE_2046_length_1661_cov_8.379826	78.089	429	73	4	7992	8420	928	1335	1.35e-94	352
CM000602.2_930714-943649	NODE_2046_length_1661_cov_8.379826	76.147	109	26	0	10059	10167	1110	1218	3.64e-13	80.6
CM000602.2_930714-943649	NODE_2046_length_1661_cov_8.379826	87.755	49	6	0	8367	8415	173	221	9.76e-08	62.6
CM000602.2_930714-943649	NODE_2046_length_1661_cov_8.379826	75.926	54	9	1	8316	8369	71	120	1.1	39.2
CM000602.2_930714-943649	NODE_5483_length_376_cov_10.644860	83.333	330	39	4	8007	8336	3	316	2.01e-92	344
CM000602.2_930714-943649	NODE_1604_length_2550_cov_17.062124	87.925	265	26	1	7992	8256	318	60	1.04e-89	335
CM000602.2_930714-943649	NODE_1604_length_2550_cov_17.062124	81.707	82	15	0	10059	10140	136	55	3.64e-13	81.5
CM000602.2_930714-943649	NODE_9538_length_210_cov_13.258065	94.762	210	5	1	6924	7127	210	1	1.27e-88	331
CM000602.2_930714-943649	NODE_606_length_18259_cov_22.614645	90.535	243	18	2	2919	3156	17828	17586	1.27e-88	331
CM000602.2_930714-943649	NODE_606_length_18259_cov_22.614645	85.161	155	21	2	1256	1410	18113	17961	9.13e-40	169
CM000602.2_930714-943649	NODE_606_length_18259_cov_22.614645	92.537	67	5	0	2414	2480	17901	17835	1.36e-18	99.6
CM000602.2_930714-943649	NODE_1955_length_1819_cov_8.157029	85.467	289	36	3	8084	8369	1	286	1.88e-86	324
CM000602.2_930714-943649	NODE_1955_length_1819_cov_8.157029	73.109	238	54	5	8015	8246	1586	1819	2.79e-27	128
CM000602.2_930714-943649	NODE_1955_length_1819_cov_8.157029	77.143	140	24	2	10059	10192	91	228	2.62e-21	107
CM000602.2_930714-943649	NODE_1307_length_3726_cov_7.996459	90.789	228	21	0	7994	8221	230	3	2.79e-84	317
CM000602.2_930714-943649	NODE_1307_length_3726_cov_7.996459	84.000	50	8	0	10059	10108	50	1	1.45e-05	55.4
CM000602.2_930714-943649	NODE_11364_length_175_cov_27.983333	100.000	175	0	0	5778	5952	175	1	2.79e-84	316
CM000602.2_930714-943649	NODE_3224_length_752_cov_11.869440	89.076	238	26	0	7989	8226	311	548	3.40e-83	313
CM000602.2_930714-943649	NODE_3224_length_752_cov_11.869440	90.566	53	5	0	8367	8419	643	695	5.40e-11	74.3
CM000602.2_930714-943649	NODE_3224_length_752_cov_11.869440	74.157	89	23	0	10059	10147	496	584	4.15e-06	58.1
CM000602.2_930714-943649	NODE_8024_length_250_cov_15.389744	88.511	235	27	0	7986	8220	16	250	6.14e-80	303
CM000602.2_930714-943649	NODE_8024_length_250_cov_15.389744	88.636	44	5	0	10059	10102	204	247	4.15e-06	58.1
CM000602.2_930714-943649	NODE_12314_length_163_cov_11.148148	100.000	163	0	0	5235	5397	163	1	9.11e-78	295
CM000602.2_930714-943649	NODE_12561_length_160_cov_14.028571	100.000	160	0	0	5898	6057	160	1	3.87e-76	289
CM000602.2_930714-943649	NODE_2020_length_1714_cov_8.713080	84.307	274	35	5	7992	8262	431	699	4.72e-75	286
CM000602.2_930714-943649	NODE_2020_length_1714_cov_8.713080	80.465	215	29	3	8202	8415	855	1057	1.88e-48	197
CM000602.2_930714-943649	NODE_12803_length_157_cov_24.166667	100.000	157	0	0	5470	5626	1	157	1.65e-74	284
CM000602.2_930714-943649	NODE_9385_length_213_cov_16.075949	89.623	212	22	0	7992	8203	2	213	1.65e-74	284
CM000602.2_930714-943649	NODE_4939_length_423_cov_12.774457	84.375	256	31	2	8084	8336	423	174	2.01e-73	281
CM000602.2_930714-943649	NODE_4939_length_423_cov_12.774457	78.621	145	28	2	10059	10203	333	192	5.05e-24	116
CM000602.2_930714-943649	NODE_4939_length_423_cov_12.774457	82.609	46	1	1	8370	8415	169	131	6.16e-04	50.0
CM000602.2_930714-943649	NODE_1428_length_3225_cov_8.604732	79.085	306	30	3	8110	8415	3225	2954	2.01e-73	281
CM000602.2_930714-943649	NODE_1428_length_3225_cov_8.604732	77.391	115	20	1	10059	10167	3161	3047	2.01e-16	92.4
CM000602.2_930714-943649	NODE_652_length_16045_cov_7.991495	74.541	436	92	5	7989	8415	8317	7892	2.01e-73	281
CM000602.2_930714-943649	NODE_652_length_16045_cov_7.991495	71.970	132	31	3	10067	10192	8124	7993	2.80e-08	64.4
CM000602.2_930714-943649	NODE_652_length_16045_cov_7.991495	85.714	49	7	0	8367	8415	10817	10769	4.15e-06	58.1
CM000602.2_930714-943649	NODE_12555_length_160_cov_15.876190	98.750	160	2	0	5898	6057	160	1	2.01e-73	280
CM000602.2_930714-943649	NODE_9341_length_214_cov_15.433962	88.785	214	24	0	8004	8217	1	214	7.01e-73	279
CM000602.2_930714-943649	NODE_9341_length_214_cov_15.433962	88.636	44	5	0	10059	10102	171	214	4.15e-06	58.1
CM000602.2_930714-943649	NODE_13182_length_153_cov_14.979592	100.000	153	0	0	5113	5265	1	153	2.45e-72	277
CM000602.2_930714-943649	NODE_1907_length_1889_cov_10.453108	90.452	199	19	0	8007	8205	1888	1690	2.98e-71	274
CM000602.2_930714-943649	NODE_1907_length_1889_cov_10.453108	93.478	46	3	0	8370	8415	1456	1411	6.58e-10	70.7
CM000602.2_930714-943649	NODE_12309_length_163_cov_13.203704	96.933	163	5	0	5235	5397	163	1	1.04e-70	272
CM000602.2_930714-943649	NODE_13516_length_149_cov_28.276596	100.000	149	0	0	5628	5776	149	1	3.63e-70	269
CM000602.2_930714-943649	NODE_13188_length_153_cov_14.010204	98.693	153	2	0	5113	5265	153	1	1.27e-69	268
CM000602.2_930714-943649	NODE_2902_length_891_cov_8.456938	79.612	309	40	6	8110	8415	891	603	1.27e-69	268
CM000602.2_930714-943649	NODE_2902_length_891_cov_8.456938	76.087	138	28	3	10059	10192	827	691	2.01e-16	92.4
CM000602.2_930714-943649	NODE_4611_length_458_cov_10.032258	73.923	418	90	5	8004	8419	458	58	2.29e-66	258
CM000602.2_930714-943649	NODE_14519_length_139_cov_14.702381	100.000	139	0	0	5386	5524	1	139	9.74e-65	251
CM000602.2_930714-943649	NODE_8880_length_226_cov_12.479532	85.321	218	25	1	7986	8203	211	1	9.74e-65	251
CM000602.2_930714-943649	NODE_773_length_11267_cov_8.283357	82.661	248	37	2	8176	8420	3050	3294	3.40e-64	251
CM000602.2_930714-943649	NODE_773_length_11267_cov_8.283357	85.567	194	26	2	7989	8182	8415	8606	2.01e-54	217
CM000602.2_930714-943649	NODE_773_length_11267_cov_8.283357	80.882	204	29	1	7986	8189	1849	2042	1.88e-48	197
CM000602.2_930714-943649	NODE_773_length_11267_cov_8.283357	70.913	416	91	11	8015	8415	2472	2872	4.14e-44	183
CM000602.2_930714-943649	NODE_773_length_11267_cov_8.283357	72.340	235	47	8	8012	8236	6656	6430	2.15e-22	112
CM000602.2_930714-943649	NODE_773_length_11267_cov_8.283357	77.037	135	26	2	10061	10192	3050	3182	3.89e-19	100
CM000602.2_930714-943649	NODE_15100_length_133_cov_27.012821	100.000	133	0	0	6394	6526	1	133	1.76e-61	241
CM000602.2_930714-943649	NODE_1229_length_4127_cov_8.833006	89.888	178	18	0	7987	8164	3168	3345	1.76e-61	241
CM000602.2_930714-943649	NODE_1229_length_4127_cov_8.833006	84.314	51	8	0	8365	8415	3464	3514	4.15e-06	57.2
CM000602.2_930714-943649	NODE_14521_length_139_cov_14.607143	97.122	139	4	0	5386	5524	1	139	2.61e-59	233
CM000602.2_930714-943649	NODE_828_length_9311_cov_7.960998	95.862	145	5	1	11323	11466	7616	7760	9.12e-59	232
CM000602.2_930714-943649	NODE_828_length_9311_cov_7.960998	86.667	30	4	0	11589	11618	4341	4370	3.9	37.4
CM000602.2_930714-943649	NODE_8956_length_224_cov_10.828402	87.368	190	21	2	8004	8192	1	188	1.11e-57	229
CM000602.2_930714-943649	NODE_8956_length_224_cov_10.828402	86.047	43	6	0	10122	10164	181	223	1.77e-04	51.8
CM000602.2_930714-943649	NODE_11447_length_174_cov_14.235294	88.506	174	20	0	8075	8248	174	1	1.35e-56	224
CM000602.2_930714-943649	NODE_11447_length_174_cov_14.235294	81.356	59	11	0	10059	10117	75	17	4.15e-06	58.1
CM000602.2_930714-943649	NODE_1968_length_1802_cov_9.052662	81.070	243	34	4	8180	8420	1023	1255	1.35e-56	224
CM000602.2_930714-943649	NODE_1968_length_1802_cov_9.052662	81.633	196	36	0	7986	8181	886	691	8.00e-47	192
CM000602.2_930714-943649	NODE_1968_length_1802_cov_9.052662	80.172	116	19	2	8015	8129	118	6	3.89e-19	101
CM000602.2_930714-943649	NODE_1968_length_1802_cov_9.052662	77.778	126	25	1	10070	10192	1028	1153	3.89e-19	100
CM000602.2_930714-943649	NODE_1434_length_3203_cov_8.366582	73.798	416	85	13	8015	8415	498	92	4.72e-56	223
CM000602.2_930714-943649	NODE_11390_length_175_cov_12.750000	88.000	175	21	0	8048	8222	175	1	1.65e-55	222
CM000602.2_930714-943649	NODE_11390_length_175_cov_12.750000	88.636	44	5	0	10059	10102	49	6	4.15e-06	58.1
CM000602.2_930714-943649	NODE_11390_length_175_cov_12.750000	95.652	23	1	0	8342	8364	90	112	3.9	38.3
CM000602.2_930714-943649	NODE_5737_length_355_cov_8.226667	80.498	241	34	3	8182	8415	1	235	1.65e-55	222
CM000602.2_930714-943649	NODE_5737_length_355_cov_8.226667	84.270	89	14	0	10070	10158	4	92	1.36e-18	98.7
CM000602.2_930714-943649	NODE_3090_length_807_cov_18.335106	79.253	241	22	3	3158	3372	1	239	1.65e-55	222
CM000602.2_930714-943649	NODE_3090_length_807_cov_18.335106	77.885	104	22	1	1267	1369	248	145	3.64e-13	81.5
CM000602.2_930714-943649	NODE_2640_length_1046_cov_8.257316	81.172	239	29	5	8182	8415	1046	819	1.65e-55	221
CM000602.2_930714-943649	NODE_2640_length_1046_cov_8.257316	77.570	107	15	2	10070	10167	1043	937	2.99e-14	85.1
CM000602.2_930714-943649	NODE_907_length_7624_cov_7.843440	81.223	229	43	0	7994	8222	229	1	5.76e-55	220
CM000602.2_930714-943649	NODE_907_length_7624_cov_7.843440	88.636	44	5	0	10059	10102	49	6	4.15e-06	58.1
CM000602.2_930714-943649	NODE_5987_length_338_cov_19.908127	80.169	237	25	4	8182	8415	338	121	2.01e-54	218
CM000602.2_930714-943649	NODE_5987_length_338_cov_19.908127	75.194	129	22	2	10070	10192	335	211	7.02e-16	89.7
CM000602.2_930714-943649	NODE_16711_length_119_cov_15.937500	100.000	119	0	0	6330	6448	1	119	7.01e-54	215
CM000602.2_930714-943649	NODE_921_length_7472_cov_7.618309	70.732	492	91	16	9589	10062	673	1129	2.45e-53	214
CM000602.2_930714-943649	NODE_55_length_147508_cov_7.613151	82.326	215	31	2	8123	8336	414	622	2.45e-53	214
CM000602.2_930714-943649	NODE_55_length_147508_cov_7.613151	76.522	115	21	1	10059	10167	465	579	2.45e-15	87.8
CM000602.2_930714-943649	NODE_55_length_147508_cov_7.613151	81.481	54	8	2	10114	10167	968	1019	0.008	46.4
CM000602.2_930714-943649	NODE_1556_length_2680_cov_8.073905	78.008	241	21	3	3158	3372	1370	1136	8.54e-53	212
CM000602.2_930714-943649	NODE_1556_length_2680_cov_8.073905	73.737	99	25	1	1269	1366	1129	1227	1.19e-06	59.0
CM000602.2_930714-943649	NODE_10462_length_191_cov_125.713235	82.540	189	8	1	3203	3366	3	191	2.98e-52	211
CM000602.2_930714-943649	NODE_10462_length_191_cov_125.713235	80.000	50	9	1	1282	1330	191	142	0.091	42.8
CM000602.2_930714-943649	NODE_1159_length_4664_cov_23.663918	77.686	242	28	2	3157	3372	4055	3814	1.04e-51	208
CM000602.2_930714-943649	NODE_1159_length_4664_cov_23.663918	77.358	106	20	4	619	724	3681	3782	6.58e-10	69.8
CM000602.2_930714-943649	NODE_1159_length_4664_cov_23.663918	75.000	104	24	2	1267	1369	3806	3908	2.80e-08	64.4
CM000602.2_930714-943649	NODE_1159_length_4664_cov_23.663918	77.011	87	15	5	1000	1082	3564	3649	6.16e-04	50.0
CM000602.2_930714-943649	NODE_1159_length_4664_cov_23.663918	69.355	124	24	5	538	661	3102	3211	0.091	43.7
CM000602.2_930714-943649	NODE_16722_length_119_cov_13.796875	98.319	119	2	0	6330	6448	1	119	3.63e-51	206
CM000602.2_930714-943649	NODE_17574_length_112_cov_11.684211	100.000	112	0	0	6547	6658	1	112	4.42e-50	203
CM000602.2_930714-943649	NODE_19216_length_111_cov_10.375000	100.000	111	0	0	5572	5682	1	111	1.54e-49	201
CM000602.2_930714-943649	NODE_19109_length_111_cov_11.392857	100.000	111	0	0	5722	5832	111	1	1.54e-49	201
CM000602.2_930714-943649	NODE_18982_length_111_cov_12.589286	100.000	111	0	0	6017	6127	1	111	1.54e-49	201
CM000602.2_930714-943649	NODE_18962_length_111_cov_12.767857	100.000	111	0	0	6472	6582	111	1	1.54e-49	201
CM000602.2_930714-943649	NODE_18910_length_111_cov_13.053571	100.000	111	0	0	6835	6945	111	1	1.54e-49	201
CM000602.2_930714-943649	NODE_18505_length_111_cov_15.160714	100.000	111	0	0	4819	4929	1	111	1.54e-49	201
CM000602.2_930714-943649	NODE_18338_length_111_cov_16.232143	100.000	111	0	0	6746	6856	1	111	1.54e-49	201
CM000602.2_930714-943649	NODE_6864_length_293_cov_11.978992	80.612	196	12	2	3203	3372	3	198	1.88e-48	197
CM000602.2_930714-943649	NODE_6864_length_293_cov_11.978992	73.913	115	29	1	1266	1379	208	94	6.58e-10	69.8
CM000602.2_930714-943649	NODE_1343_length_3558_cov_9.258350	91.367	139	12	0	7986	8124	3420	3558	1.88e-48	197
CM000602.2_930714-943649	NODE_1343_length_3558_cov_9.258350	70.952	420	82	19	8015	8415	438	836	1.65e-36	159
CM000602.2_930714-943649	NODE_1343_length_3558_cov_9.258350	79.279	111	20	1	10059	10166	1030	1140	1.65e-17	96.0
CM000602.2_930714-943649	NODE_19268_length_111_cov_10.107143	99.099	111	1	0	6017	6127	1	111	6.57e-48	196
CM000602.2_930714-943649	NODE_19140_length_111_cov_11.000000	99.099	111	1	0	5572	5682	1	111	6.57e-48	196
CM000602.2_930714-943649	NODE_18919_length_111_cov_13.000000	99.099	111	1	0	6835	6945	111	1	6.57e-48	196
CM000602.2_930714-943649	NODE_18901_length_111_cov_13.107143	99.099	111	1	0	4819	4929	1	111	6.57e-48	196
CM000602.2_930714-943649	NODE_18875_length_111_cov_13.250000	99.099	111	1	0	6746	6856	1	111	6.57e-48	196
CM000602.2_930714-943649	NODE_18871_length_111_cov_13.267857	99.099	111	1	0	5722	5832	111	1	6.57e-48	196
CM000602.2_930714-943649	NODE_18466_length_111_cov_15.392857	99.099	111	1	0	6472	6582	111	1	6.57e-48	196
CM000602.2_930714-943649	NODE_2156_length_1525_cov_7.360544	77.099	262	52	3	8155	8415	1262	1516	6.57e-48	196
CM000602.2_930714-943649	NODE_1158_length_4672_cov_14.769114	76.349	241	29	2	3158	3372	4367	4129	2.29e-47	195
CM000602.2_930714-943649	NODE_17571_length_112_cov_12.315789	98.214	112	2	0	6547	6658	1	112	2.29e-47	194
CM000602.2_930714-943649	NODE_14021_length_144_cov_13.651685	89.583	144	15	0	7997	8140	144	1	8.00e-47	193
CM000602.2_930714-943649	NODE_8905_length_225_cov_24.664706	91.791	134	11	0	3157	3290	92	225	8.00e-47	193
CM000602.2_930714-943649	NODE_21790_length_105_cov_32.520000	100.000	105	0	0	4769	4873	105	1	2.79e-46	190
CM000602.2_930714-943649	NODE_2897_length_895_cov_17.650000	71.158	423	90	12	8012	8415	559	150	9.75e-46	188
CM000602.2_930714-943649	NODE_12912_length_156_cov_13.841584	86.538	156	21	0	8048	8203	156	1	3.40e-45	187
CM000602.2_930714-943649	NODE_1462_length_3065_cov_7.840532	71.531	418	90	13	8012	8415	556	154	1.19e-44	186
CM000602.2_930714-943649	NODE_1462_length_3065_cov_7.840532	69.079	304	67	13	8016	8301	1177	1471	2.01e-16	91.5
CM000602.2_930714-943649	NODE_1462_length_3065_cov_7.840532	64.979	237	46	7	8183	8415	2982	2779	1.45e-05	56.3
CM000602.2_930714-943649	NODE_1462_length_3065_cov_7.840532	76.471	68	10	4	8001	8063	890	956	1.1	39.2
CM000602.2_930714-943649	NODE_22071_length_102_cov_26.531915	100.000	102	0	0	5066	5167	102	1	1.19e-44	185
CM000602.2_930714-943649	NODE_4242_length_511_cov_10.307018	77.561	205	20	1	3157	3335	307	511	1.45e-43	182
CM000602.2_930714-943649	NODE_1298_length_3765_cov_8.599191	86.275	153	21	0	7986	8138	1567	1719	1.45e-43	182
CM000602.2_930714-943649	NODE_22209_length_100_cov_28.288889	100.000	100	0	0	6073	6172	1	100	1.45e-43	181
CM000602.2_930714-943649	NODE_3429_length_695_cov_8.801562	70.944	413	87	12	8015	8415	193	584	5.05e-43	180
CM000602.2_930714-943649	NODE_22385_length_98_cov_23.302326	100.000	98	0	0	5343	5440	1	98	1.76e-42	178
CM000602.2_930714-943649	NODE_3394_length_706_cov_9.443932	86.667	150	14	2	7996	8139	185	36	1.76e-42	178
CM000602.2_930714-943649	NODE_3605_length_641_cov_8.523891	86.000	150	21	0	7986	8135	249	100	6.15e-42	177
CM000602.2_930714-943649	NODE_621_length_17664_cov_14.720995	74.583	240	35	2	3158	3371	17320	17559	7.49e-41	173
CM000602.2_930714-943649	NODE_621_length_17664_cov_14.720995	74.510	102	25	1	1269	1369	17567	17466	2.80e-08	64.4
CM000602.2_930714-943649	NODE_22623_length_95_cov_26.575000	100.000	95	0	0	2411	2505	1	95	7.49e-41	172
CM000602.2_930714-943649	NODE_1390_length_3326_cov_7.679609	69.268	410	87	8	8015	8415	462	83	2.62e-40	171
CM000602.2_930714-943649	NODE_22703_length_94_cov_29.897436	100.000	94	0	0	6291	6384	1	94	2.62e-40	170
CM000602.2_930714-943649	NODE_5410_length_381_cov_10.168712	89.147	129	14	0	7986	8114	216	88	2.62e-40	170
CM000602.2_930714-943649	NODE_9394_length_213_cov_12.708861	89.600	125	13	0	7986	8110	125	1	3.19e-39	168
CM000602.2_930714-943649	NODE_17166_length_115_cov_14.366667	91.304	115	10	0	8010	8124	115	1	3.88e-38	163
CM000602.2_930714-943649	NODE_23333_length_88_cov_26.515152	100.000	88	0	0	6891	6978	88	1	4.73e-37	159
CM000602.2_930714-943649	NODE_23321_length_88_cov_30.363636	100.000	88	0	0	6802	6889	1	88	4.73e-37	159
CM000602.2_930714-943649	NODE_1530_length_2804_cov_8.427428	73.663	243	36	4	3157	3372	2280	2039	1.65e-36	158
CM000602.2_930714-943649	NODE_1530_length_2804_cov_8.427428	75.238	105	24	1	1267	1369	2030	2134	6.58e-10	70.7
CM000602.2_930714-943649	NODE_2139_length_1558_cov_9.400532	79.739	153	5	1	3246	3372	1	153	5.76e-36	156
CM000602.2_930714-943649	NODE_2139_length_1558_cov_9.400532	75.490	102	24	1	1269	1369	160	59	2.30e-09	68.9
CM000602.2_930714-943649	NODE_3886_length_576_cov_8.606526	71.005	438	82	23	8012	8415	508	82	2.01e-35	155
CM000602.2_930714-943649	NODE_977_length_6532_cov_16.268488	70.096	418	90	15	8014	8415	408	10	2.01e-35	155
CM000602.2_930714-943649	NODE_752_length_12057_cov_8.418097	87.200	125	16	0	7986	8110	125	1	2.01e-35	154
CM000602.2_930714-943649	NODE_394_length_36523_cov_7.416091	82.237	152	27	0	3158	3309	531	380	7.02e-35	153
CM000602.2_930714-943649	NODE_394_length_36523_cov_7.416091	80.000	55	11	0	3312	3366	351	297	6.16e-04	50.9
CM000602.2_930714-943649	NODE_394_length_36523_cov_7.416091	69.027	113	34	1	1268	1379	283	395	0.091	43.7
CM000602.2_930714-943649	NODE_3978_length_555_cov_10.522000	69.129	379	107	3	8038	8415	502	133	7.02e-35	152
CM000602.2_930714-943649	NODE_1121_length_4936_cov_7.515058	81.707	164	21	4	532	693	1465	1309	2.45e-34	151
CM000602.2_930714-943649	NODE_1121_length_4936_cov_7.515058	70.482	166	40	3	2803	2967	659	502	5.40e-11	74.3
CM000602.2_930714-943649	NODE_1121_length_4936_cov_7.515058	73.239	71	9	3	1008	1078	1118	1058	1.1	39.2
CM000602.2_930714-943649	NODE_23948_length_83_cov_25.107143	100.000	83	0	0	4875	4957	83	1	2.45e-34	150
CM000602.2_930714-943649	NODE_23941_length_83_cov_27.107143	100.000	83	0	0	3965	4047	83	1	2.45e-34	150
CM000602.2_930714-943649	NODE_1770_length_2141_cov_8.390221	81.699	153	28	0	7984	8136	1335	1487	2.45e-34	150
CM000602.2_930714-943649	NODE_1770_length_2141_cov_8.390221	71.730	237	50	7	8012	8238	1910	2139	7.50e-22	110
CM000602.2_930714-943649	NODE_5068_length_410_cov_9.822535	68.765	413	72	15	8015	8415	7	374	2.98e-33	148
CM000602.2_930714-943649	NODE_6947_length_289_cov_9.658120	74.892	231	43	5	8190	8415	242	22	2.98e-33	147
CM000602.2_930714-943649	NODE_4606_length_459_cov_7.559406	74.894	235	47	5	8183	8414	80	305	2.98e-33	147
CM000602.2_930714-943649	NODE_8103_length_248_cov_8.601036	86.400	125	16	1	8214	8337	248	124	1.04e-32	146
CM000602.2_930714-943649	NODE_8103_length_248_cov_8.601036	78.947	76	13	2	10118	10192	224	151	1.19e-06	59.9
CM000602.2_930714-943649	NODE_8103_length_248_cov_8.601036	86.957	46	6	0	8370	8415	120	75	4.15e-06	57.2
CM000602.2_930714-943649	NODE_2674_length_1025_cov_8.121649	75.758	264	41	14	8012	8264	656	907	1.04e-32	146
CM000602.2_930714-943649	NODE_831_length_9201_cov_7.406626	81.818	154	22	3	549	697	8352	8504	3.64e-32	144
CM000602.2_930714-943649	NODE_831_length_9201_cov_7.406626	69.388	245	43	8	1005	1245	8908	9124	4.73e-18	97.8
CM000602.2_930714-943649	NODE_831_length_9201_cov_7.406626	93.023	43	3	0	771	813	8517	8559	2.80e-08	65.3
CM000602.2_930714-943649	NODE_24491_length_79_cov_26.791667	100.000	79	0	0	5211	5289	79	1	3.64e-32	143
CM000602.2_930714-943649	NODE_3822_length_587_cov_8.934211	73.723	274	53	10	8015	8277	572	307	1.27e-31	142
CM000602.2_930714-943649	NODE_21890_length_104_cov_26.387755	90.291	103	10	0	3187	3289	2	104	1.27e-31	141
CM000602.2_930714-943649	NODE_7722_length_260_cov_19.926829	76.829	164	11	2	3236	3372	259	96	4.43e-31	141
CM000602.2_930714-943649	NODE_7722_length_260_cov_19.926829	76.190	105	24	1	1266	1369	86	190	5.40e-11	74.3
CM000602.2_930714-943649	NODE_8712_length_230_cov_11.582857	73.171	205	17	4	8214	8415	1	170	1.55e-30	139
CM000602.2_930714-943649	NODE_8834_length_227_cov_8.412791	80.000	160	25	3	8259	8415	9	164	1.55e-30	138
CM000602.2_930714-943649	NODE_8834_length_227_cov_8.412791	77.778	63	14	0	10130	10192	1	63	1.77e-04	51.8
CM000602.2_930714-943649	NODE_518_length_25063_cov_7.878799	71.138	246	38	4	3157	3372	9413	9655	5.40e-30	136
CM000602.2_930714-943649	NODE_518_length_25063_cov_7.878799	76.471	102	23	1	1269	1369	9662	9561	5.40e-11	73.4
CM000602.2_930714-943649	NODE_3523_length_668_cov_8.556281	89.423	104	10	1	8316	8419	218	116	1.88e-29	135
CM000602.2_930714-943649	NODE_25388_length_74_cov_28.263158	100.000	74	0	0	6528	6601	1	74	1.88e-29	134
CM000602.2_930714-943649	NODE_3333_length_718_cov_8.650075	74.060	266	48	12	8015	8270	407	153	1.88e-29	134
CM000602.2_930714-943649	NODE_3257_length_740_cov_8.727007	70.809	346	70	14	8015	8344	342	12	1.88e-29	134
CM000602.2_930714-943649	NODE_7577_length_265_cov_9.938095	76.074	163	13	2	3236	3372	2	164	6.57e-29	133
CM000602.2_930714-943649	NODE_7577_length_265_cov_9.938095	75.962	104	24	1	1267	1369	173	70	1.88e-10	72.5
CM000602.2_930714-943649	NODE_5518_length_374_cov_8.275862	73.529	238	42	7	8183	8414	84	306	6.57e-29	133
CM000602.2_930714-943649	NODE_3262_length_738_cov_15.257687	84.298	121	19	0	3157	3277	618	738	6.57e-29	133
CM000602.2_930714-943649	NODE_25805_length_72_cov_27.000000	100.000	72	0	0	1747	1818	1	72	2.29e-28	131
CM000602.2_930714-943649	NODE_3736_length_605_cov_10.023636	73.251	243	47	7	8015	8248	507	274	2.29e-28	131
CM000602.2_930714-943649	NODE_3736_length_605_cov_10.023636	65.714	105	11	1	8316	8420	153	74	0.008	46.4
CM000602.2_930714-943649	NODE_1471_length_3037_cov_8.340040	69.529	361	78	12	8047	8394	1948	2289	2.29e-28	131
CM000602.2_930714-943649	NODE_1357_length_3493_cov_8.079697	70.501	339	79	11	8015	8344	2751	3077	2.29e-28	131
CM000602.2_930714-943649	NODE_1357_length_3493_cov_8.079697	73.096	197	40	6	8220	8415	8	192	1.11e-19	102
CM000602.2_930714-943649	NODE_1357_length_3493_cov_8.079697	75.758	132	29	1	10072	10200	3253	3384	5.77e-17	93.3
CM000602.2_930714-943649	NODE_3789_length_594_cov_17.337662	70.370	351	68	15	8015	8344	512	177	8.01e-28	130
CM000602.2_930714-943649	NODE_3359_length_714_cov_7.459788	67.711	415	96	11	8016	8415	520	129	8.01e-28	130
CM000602.2_930714-943649	NODE_553_length_22283_cov_7.574771	74.894	235	36	11	8015	8236	22004	22228	8.01e-28	130
CM000602.2_930714-943649	NODE_26106_length_71_cov_18.937500	100.000	71	0	0	7073	7143	1	71	8.01e-28	129
CM000602.2_930714-943649	NODE_1432_length_3213_cov_7.644395	74.678	233	43	9	8015	8238	2779	3004	8.01e-28	129
CM000602.2_930714-943649	NODE_1432_length_3213_cov_7.644395	67.568	185	43	9	8032	8207	1523	1347	1.1	39.2
CM000602.2_930714-943649	NODE_3651_length_628_cov_8.429319	73.333	240	53	6	8015	8247	53	288	2.79e-27	128
CM000602.2_930714-943649	NODE_3651_length_628_cov_8.429319	87.755	49	6	0	8367	8415	451	499	9.76e-08	62.6
CM000602.2_930714-943649	NODE_4141_length_529_cov_8.862869	72.500	200	25	3	8218	8415	529	358	2.79e-27	127
CM000602.2_930714-943649	NODE_4141_length_529_cov_8.862869	84.314	51	7	1	10118	10167	509	459	5.06e-05	53.6
CM000602.2_930714-943649	NODE_928_length_7375_cov_8.266940	80.000	140	28	0	3161	3300	4311	4172	2.79e-27	127
CM000602.2_930714-943649	NODE_26517_length_69_cov_29.428571	100.000	69	0	0	6003	6071	69	1	9.76e-27	125
CM000602.2_930714-943649	NODE_16472_length_121_cov_15.636364	87.755	98	12	0	3157	3254	24	121	3.40e-26	123
CM000602.2_930714-943649	NODE_1169_length_4610_cov_8.695499	67.217	424	71	17	8015	8415	1232	1610	3.40e-26	123
CM000602.2_930714-943649	NODE_1169_length_4610_cov_8.695499	89.796	49	5	0	8367	8415	3444	3492	8.01e-09	67.1
CM000602.2_930714-943649	NODE_1030_length_5877_cov_8.524218	72.143	280	59	11	8015	8280	5354	5080	1.19e-25	122
CM000602.2_930714-943649	NODE_7454_length_269_cov_34.014019	95.946	74	3	0	3299	3372	41	114	4.15e-25	121
CM000602.2_930714-943649	NODE_7454_length_269_cov_34.014019	74.038	104	26	1	1267	1369	123	20	9.76e-08	63.5
CM000602.2_930714-943649	NODE_3645_length_629_cov_9.630662	71.574	197	22	3	8218	8414	1	163	4.15e-25	121
CM000602.2_930714-943649	NODE_3645_length_629_cov_9.630662	86.667	45	5	1	10118	10161	21	65	1.77e-04	51.8
CM000602.2_930714-943649	NODE_2421_length_1230_cov_15.662128	98.551	69	1	0	3951	4019	69	1	4.15e-25	121
CM000602.2_930714-943649	NODE_18698_length_111_cov_14.125000	83.784	111	18	0	3167	3277	1	111	4.15e-25	120
CM000602.2_930714-943649	NODE_5210_length_399_cov_9.357558	73.043	230	45	7	8012	8231	176	398	4.15e-25	120
CM000602.2_930714-943649	NODE_24495_length_79_cov_26.166667	93.590	78	5	0	8087	8164	78	1	1.45e-24	119
CM000602.2_930714-943649	NODE_1739_length_2205_cov_8.287907	72.549	255	44	11	8015	8256	304	63	1.45e-24	119
CM000602.2_930714-943649	NODE_1222_length_4189_cov_8.011611	70.270	333	79	12	8015	8336	3479	3156	1.45e-24	119
CM000602.2_930714-943649	NODE_1222_length_4189_cov_8.011611	71.875	96	20	3	10070	10158	3309	3214	0.026	45.5
CM000602.2_930714-943649	NODE_23070_length_90_cov_104.885714	88.889	90	10	0	3166	3255	1	90	1.45e-24	118
CM000602.2_930714-943649	NODE_24771_length_77_cov_70.227273	93.506	77	5	0	3223	3299	1	77	5.05e-24	117
CM000602.2_930714-943649	NODE_3742_length_604_cov_8.244080	72.500	240	54	7	8015	8248	248	15	1.76e-23	115
CM000602.2_930714-943649	NODE_2691_length_1016_cov_10.104058	98.485	66	1	0	3307	3372	1016	951	1.76e-23	115
CM000602.2_930714-943649	NODE_2691_length_1016_cov_10.104058	80.000	70	13	1	1262	1330	937	1006	3.41e-07	60.8
CM000602.2_930714-943649	NODE_1022_length_5971_cov_15.872718	73.856	153	14	1	3246	3372	5970	5818	1.76e-23	115
CM000602.2_930714-943649	NODE_9337_length_214_cov_19.339623	97.059	68	2	0	3305	3372	214	147	1.76e-23	114
CM000602.2_930714-943649	NODE_9337_length_214_cov_19.339623	79.688	64	12	1	1268	1330	139	202	5.06e-05	54.5
CM000602.2_930714-943649	NODE_733_length_12367_cov_7.993583	71.685	279	56	12	8012	8277	11340	11608	1.76e-23	114
CM000602.2_930714-943649	NODE_23805_length_84_cov_26.275862	89.286	84	9	0	8019	8102	1	84	2.15e-22	112
CM000602.2_930714-943649	NODE_9490_length_211_cov_8.833333	93.243	74	5	0	3299	3372	18	91	2.15e-22	112
CM000602.2_930714-943649	NODE_4861_length_430_cov_8.466667	73.869	199	42	5	8220	8415	251	60	2.15e-22	112
CM000602.2_930714-943649	NODE_2822_length_928_cov_9.435281	72.766	235	41	10	8017	8238	351	575	2.15e-22	112
CM000602.2_930714-943649	NODE_2822_length_928_cov_9.435281	86.957	46	6	0	8370	8415	739	784	4.15e-06	57.2
CM000602.2_930714-943649	NODE_14325_length_141_cov_13.662791	88.372	86	10	0	7986	8071	54	139	2.15e-22	111
CM000602.2_930714-943649	NODE_2502_length_1154_cov_8.362147	88.372	86	10	0	7986	8071	1067	1152	2.15e-22	111
CM000602.2_930714-943649	NODE_3768_length_598_cov_8.116022	71.004	269	61	9	8015	8275	16	275	7.50e-22	109
CM000602.2_930714-943649	NODE_22262_length_100_cov_6.466667	83.838	99	16	0	3167	3265	100	2	2.62e-21	107
CM000602.2_930714-943649	NODE_2998_length_851_cov_8.494975	72.768	224	46	8	8017	8231	219	2	2.62e-21	107
CM000602.2_930714-943649	NODE_2998_length_851_cov_8.494975	78.000	50	8	1	10070	10116	51	2	1.1	40.1
CM000602.2_930714-943649	NODE_306_length_48830_cov_7.640943	71.600	250	53	9	8008	8247	48313	48072	2.62e-21	107
CM000602.2_930714-943649	NODE_306_length_48830_cov_7.640943	76.119	67	9	4	10123	10184	4434	4370	3.9	38.3
CM000602.2_930714-943649	NODE_16163_length_124_cov_11.753623	81.034	116	18	2	8015	8129	7	119	9.14e-21	105
CM000602.2_930714-943649	NODE_26510_length_69_cov_31.214286	92.754	69	5	0	8070	8138	1	69	1.11e-19	103
CM000602.2_930714-943649	NODE_25541_length_73_cov_59.333333	98.305	59	1	0	3299	3357	15	73	1.11e-19	103
CM000602.2_930714-943649	NODE_7961_length_252_cov_8.497462	73.529	204	34	9	8015	8208	53	246	1.11e-19	103
CM000602.2_930714-943649	NODE_5111_length_407_cov_8.713068	81.731	104	19	0	8316	8419	226	123	1.11e-19	103
CM000602.2_930714-943649	NODE_959_length_6903_cov_16.781688	68.693	329	83	10	8085	8399	251	573	1.11e-19	103
CM000602.2_930714-943649	NODE_26309_length_70_cov_27.733333	92.647	68	5	0	7989	8056	68	1	3.89e-19	101
CM000602.2_930714-943649	NODE_9488_length_211_cov_12.500000	80.172	116	19	2	8015	8129	129	17	3.89e-19	101
CM000602.2_930714-943649	NODE_4527_length_468_cov_8.363196	71.667	240	47	10	8050	8277	466	236	3.89e-19	101
CM000602.2_930714-943649	NODE_759_length_11787_cov_7.661439	80.172	116	19	2	8015	8129	114	2	3.89e-19	101
CM000602.2_930714-943649	NODE_759_length_11787_cov_7.661439	78.873	71	13	1	10122	10192	1410	1342	1.19e-06	59.0
CM000602.2_930714-943649	NODE_2842_length_918_cov_8.438007	70.397	277	57	12	8015	8277	423	688	1.36e-18	99.6
CM000602.2_930714-943649	NODE_2842_length_918_cov_8.438007	86.957	46	6	0	8370	8415	800	845	4.15e-06	57.2
CM000602.2_930714-943649	NODE_1454_length_3109_cov_8.408644	82.000	100	14	1	8316	8415	648	553	1.36e-18	99.6
CM000602.2_930714-943649	NODE_24783_length_77_cov_44.772727	93.750	64	4	0	3246	3309	2	65	1.36e-18	98.7
CM000602.2_930714-943649	NODE_13665_length_148_cov_10.838710	85.714	84	12	0	3157	3240	84	1	1.36e-18	98.7
CM000602.2_930714-943649	NODE_5421_length_380_cov_8.756923	69.512	246	44	8	8183	8415	86	313	1.36e-18	98.7
CM000602.2_930714-943649	NODE_1457_length_3095_cov_7.448026	91.304	69	6	0	3304	3372	329	397	1.36e-18	98.7
CM000602.2_930714-943649	NODE_1457_length_3095_cov_7.448026	78.125	64	13	1	1268	1330	405	342	6.16e-04	50.0
CM000602.2_930714-943649	NODE_27638_length_59_cov_106.000000	96.552	58	2	0	7992	8049	2	59	4.73e-18	96.9
CM000602.2_930714-943649	NODE_8033_length_250_cov_8.523077	89.041	73	8	0	1006	1078	166	238	4.73e-18	96.9
CM000602.2_930714-943649	NODE_4634_length_456_cov_7.620948	79.817	109	19	1	8015	8123	351	456	4.73e-18	96.9
CM000602.2_930714-943649	NODE_1595_length_2574_cov_7.982930	82.000	100	17	1	8316	8415	2321	2223	4.73e-18	96.9
CM000602.2_930714-943649	NODE_7356_length_274_cov_9.831050	79.279	111	20	1	10059	10166	5	115	1.65e-17	96.0
CM000602.2_930714-943649	NODE_7356_length_274_cov_9.831050	62.857	245	20	7	8171	8415	2	175	2.80e-08	65.3
CM000602.2_930714-943649	NODE_6711_length_299_cov_7.614754	68.293	246	36	8	8183	8415	254	38	1.65e-17	95.1
CM000602.2_930714-943649	NODE_4742_length_443_cov_7.675258	69.295	241	42	8	8183	8415	435	219	1.65e-17	95.1
CM000602.2_930714-943649	NODE_4148_length_528_cov_9.287526	71.875	224	52	8	8015	8231	308	527	1.65e-17	95.1
CM000602.2_930714-943649	NODE_4148_length_528_cov_9.287526	78.000	50	8	1	10070	10116	478	527	1.1	40.1
CM000602.2_930714-943649	NODE_15548_length_129_cov_25.297297	89.855	69	7	0	3304	3372	77	9	5.77e-17	94.2
CM000602.2_930714-943649	NODE_15548_length_129_cov_25.297297	100.000	23	0	0	3278	3300	129	107	0.091	42.8
CM000602.2_930714-943649	NODE_11290_length_177_cov_6.868852	84.524	84	13	0	3157	3240	94	177	5.77e-17	94.2
CM000602.2_930714-943649	NODE_1150_length_4744_cov_7.466837	72.222	144	11	3	3255	3372	4283	4143	5.77e-17	93.3
CM000602.2_930714-943649	NODE_1150_length_4744_cov_7.466837	72.566	113	30	1	1268	1379	4135	4247	3.41e-07	61.7
CM000602.2_930714-943649	NODE_12934_length_156_cov_9.980198	78.448	116	21	2	8015	8129	36	148	2.01e-16	92.4
CM000602.2_930714-943649	NODE_5814_length_350_cov_8.088136	94.828	58	3	0	7986	8043	293	350	2.01e-16	92.4
CM000602.2_930714-943649	NODE_1616_length_2523_cov_8.174230	79.487	117	18	4	8015	8129	126	14	2.01e-16	91.5
CM000602.2_930714-943649	NODE_1257_length_4004_cov_7.927323	70.440	159	20	2	3241	3372	3473	3631	2.01e-16	91.5
CM000602.2_930714-943649	NODE_22318_length_99_cov_12.886364	80.612	98	16	1	10070	10164	1	98	7.02e-16	90.6
CM000602.2_930714-943649	NODE_16056_length_125_cov_9.857143	77.778	117	21	2	8259	8370	9	125	7.02e-16	90.6
CM000602.2_930714-943649	NODE_16056_length_125_cov_9.857143	76.190	63	15	0	10130	10192	1	63	0.008	47.3
CM000602.2_930714-943649	NODE_1812_length_2063_cov_7.289841	78.814	118	17	4	8015	8129	155	43	7.02e-16	90.6
CM000602.2_930714-943649	NODE_1370_length_3415_cov_8.057738	94.737	57	3	0	7989	8045	3359	3415	7.02e-16	90.6
CM000602.2_930714-943649	NODE_4279_length_505_cov_7.008889	88.406	69	8	0	3304	3372	363	431	7.02e-16	89.7
CM000602.2_930714-943649	NODE_1716_length_2264_cov_16.201449	86.486	74	10	0	8342	8415	91	18	7.02e-16	89.7
CM000602.2_930714-943649	NODE_559_length_21836_cov_7.903861	96.296	54	2	0	7992	8045	21783	21836	7.02e-16	89.7
CM000602.2_930714-943649	NODE_27959_length_56_cov_34.000000	94.643	56	3	0	7995	8050	56	1	2.45e-15	88.7
CM000602.2_930714-943649	NODE_27560_length_60_cov_123.600000	98.039	51	1	0	3322	3372	1	51	2.45e-15	88.7
CM000602.2_930714-943649	NODE_27560_length_60_cov_123.600000	85.417	48	7	0	1267	1314	60	13	1.45e-05	56.3
CM000602.2_930714-943649	NODE_6431_length_312_cov_8.910506	73.649	148	38	1	8269	8415	98	245	2.45e-15	88.7
CM000602.2_930714-943649	NODE_1251_length_4033_cov_15.996983	71.707	205	42	8	8012	8208	199	3	2.45e-15	87.8
CM000602.2_930714-943649	NODE_4228_length_514_cov_7.525054	68.261	230	43	6	8190	8415	359	156	8.56e-15	86.9
CM000602.2_930714-943649	NODE_17281_length_114_cov_17.305085	83.721	86	12	2	8015	8099	88	4	8.56e-15	86.0
CM000602.2_930714-943649	NODE_2561_length_1100_cov_17.148325	92.857	56	4	0	7986	8041	56	1	2.99e-14	84.2
CM000602.2_930714-943649	NODE_1249_length_4043_cov_8.345286	90.164	61	6	0	8355	8415	3865	3925	2.99e-14	84.2
CM000602.2_930714-943649	NODE_170_length_77351_cov_7.578801	68.776	237	61	5	8183	8415	76976	77203	2.99e-14	84.2
CM000602.2_930714-943649	NODE_27601_length_60_cov_16.200000	90.000	60	6	0	8081	8140	1	60	1.04e-13	82.4
CM000602.2_930714-943649	NODE_1653_length_2433_cov_8.801514	92.727	55	4	0	7989	8043	55	1	1.04e-13	82.4
CM000602.2_930714-943649	NODE_25468_length_74_cov_16.052632	86.301	73	7	2	8233	8303	3	74	3.64e-13	81.5
CM000602.2_930714-943649	NODE_25468_length_74_cov_16.052632	81.034	58	11	0	10122	10179	12	69	1.45e-05	56.3
CM000602.2_930714-943649	NODE_12217_length_164_cov_16.183486	78.571	98	18	1	10073	10167	3	100	3.64e-13	81.5
CM000602.2_930714-943649	NODE_9555_length_210_cov_7.677419	88.710	62	7	0	3159	3220	149	210	3.64e-13	81.5
CM000602.2_930714-943649	NODE_6722_length_298_cov_10.609053	83.784	74	12	0	8342	8415	283	210	3.64e-13	80.6
CM000602.2_930714-943649	NODE_15500_length_130_cov_8.226667	97.826	46	1	0	3327	3372	1	46	1.27e-12	79.7
CM000602.2_930714-943649	NODE_15500_length_130_cov_8.226667	85.417	48	7	0	1267	1314	55	8	1.45e-05	56.3
CM000602.2_930714-943649	NODE_12931_length_156_cov_10.217822	97.826	46	1	0	3327	3372	1	46	1.27e-12	79.7
CM000602.2_930714-943649	NODE_12931_length_156_cov_10.217822	85.417	48	7	0	1267	1314	55	8	1.45e-05	56.3
CM000602.2_930714-943649	NODE_4870_length_429_cov_10.187166	81.481	81	15	0	8015	8095	81	1	1.27e-12	79.7
CM000602.2_930714-943649	NODE_1118_length_4988_cov_7.809649	91.071	56	5	0	7986	8041	56	1	1.27e-12	79.7
CM000602.2_930714-943649	NODE_578_length_20206_cov_7.736638	97.826	46	1	0	3327	3372	20206	20161	1.27e-12	79.7
CM000602.2_930714-943649	NODE_578_length_20206_cov_7.736638	85.714	49	7	0	1266	1314	20151	20199	4.15e-06	58.1
CM000602.2_930714-943649	NODE_4838_length_432_cov_10.209549	92.453	53	4	0	7986	8038	53	1	1.27e-12	78.8
CM000602.2_930714-943649	NODE_1617_length_2518_cov_7.786439	85.135	74	8	2	8343	8414	221	149	1.27e-12	78.8
CM000602.2_930714-943649	NODE_966_length_6754_cov_8.436185	70.149	201	46	6	8015	8208	6159	6352	1.27e-12	78.8
CM000602.2_930714-943649	NODE_26540_length_69_cov_23.857143	88.333	60	7	0	8061	8120	64	5	4.43e-12	77.9
CM000602.2_930714-943649	NODE_1408_length_3279_cov_8.792804	90.909	55	5	0	8814	8868	1990	2044	4.43e-12	77.9
CM000602.2_930714-943649	NODE_2018_length_1715_cov_6.913253	75.472	106	19	1	9778	9876	1513	1618	4.43e-12	77.0
CM000602.2_930714-943649	NODE_2018_length_1715_cov_6.913253	78.723	47	10	0	12703	12749	1450	1496	0.32	41.0
CM000602.2_930714-943649	NODE_2018_length_1715_cov_6.913253	86.667	30	4	0	9911	9940	1684	1713	3.9	37.4
CM000602.2_930714-943649	NODE_1185_length_4435_cov_8.328539	70.256	195	54	4	8015	8207	689	497	4.43e-12	77.0
CM000602.2_930714-943649	NODE_5343_length_387_cov_30.566265	85.938	64	9	0	3157	3220	324	387	1.55e-11	76.1
CM000602.2_930714-943649	NODE_2755_length_975_cov_8.286957	90.741	54	5	0	7986	8039	922	975	1.55e-11	76.1
CM000602.2_930714-943649	NODE_1911_length_1880_cov_8.435616	70.813	209	41	10	8019	8217	1428	1626	1.55e-11	76.1
CM000602.2_930714-943649	NODE_1911_length_1880_cov_8.435616	90.000	50	5	0	8366	8415	1802	1851	2.30e-09	68.9
CM000602.2_930714-943649	NODE_648_length_16180_cov_15.735504	73.913	115	24	1	10084	10192	15824	15710	5.40e-11	74.3
CM000602.2_930714-943649	NODE_17621_length_112_cov_7.684211	78.824	85	18	0	8015	8099	25	109	5.40e-11	73.4
CM000602.2_930714-943649	NODE_1787_length_2106_cov_7.809849	68.812	202	52	4	1924	2119	2007	1811	5.40e-11	73.4
CM000602.2_930714-943649	NODE_23050_length_91_cov_10.972222	83.582	67	11	0	8015	8081	25	91	1.88e-10	72.5
CM000602.2_930714-943649	NODE_7999_length_251_cov_8.683673	83.562	73	9	2	8346	8415	108	180	1.88e-10	72.5
CM000602.2_930714-943649	NODE_15144_length_133_cov_10.628205	91.837	49	4	0	8367	8415	76	124	1.88e-10	71.6
CM000602.2_930714-943649	NODE_10250_length_196_cov_5.120567	91.837	49	4	0	8367	8415	192	144	1.88e-10	71.6
CM000602.2_930714-943649	NODE_6091_length_332_cov_7.476534	82.609	69	12	0	3304	3372	227	159	1.88e-10	71.6
CM000602.2_930714-943649	NODE_6091_length_332_cov_7.476534	79.452	73	14	1	1269	1340	152	224	3.41e-07	61.7
CM000602.2_930714-943649	NODE_4206_length_517_cov_8.335498	91.837	49	4	0	8367	8415	180	132	1.88e-10	71.6
CM000602.2_930714-943649	NODE_3835_length_584_cov_14.052930	67.188	256	58	8	8171	8414	553	312	1.88e-10	71.6
CM000602.2_930714-943649	NODE_3835_length_584_cov_14.052930	80.769	52	8	2	10116	10167	475	426	0.091	42.8
CM000602.2_930714-943649	NODE_1334_length_3586_cov_8.416029	90.196	51	5	0	7986	8036	3536	3586	6.58e-10	70.7
CM000602.2_930714-943649	NODE_14015_length_144_cov_14.617978	91.667	48	4	0	3325	3372	144	97	6.58e-10	69.8
CM000602.2_930714-943649	NODE_2044_length_1663_cov_16.033582	65.192	339	70	12	8089	8415	1663	1361	6.58e-10	69.8
CM000602.2_930714-943649	NODE_13560_length_149_cov_10.765957	81.429	70	13	0	8012	8081	70	1	2.30e-09	68.9
CM000602.2_930714-943649	NODE_3412_length_702_cov_6.899536	91.489	47	4	0	8369	8415	375	329	2.30e-09	68.0
CM000602.2_930714-943649	NODE_15505_length_130_cov_7.800000	89.796	49	5	0	8367	8415	85	37	8.01e-09	67.1
CM000602.2_930714-943649	NODE_15505_length_130_cov_7.800000	85.294	34	3	1	8316	8349	119	88	3.9	37.4
CM000602.2_930714-943649	NODE_4624_length_457_cov_8.855721	77.381	84	19	0	8012	8095	84	1	8.01e-09	67.1
CM000602.2_930714-943649	NODE_21134_length_110_cov_16.709091	91.304	46	4	0	8370	8415	110	65	8.01e-09	66.2
CM000602.2_930714-943649	NODE_6466_length_310_cov_6.525490	88.235	51	6	0	8365	8415	261	211	8.01e-09	66.2
CM000602.2_930714-943649	NODE_1557_length_2678_cov_17.053374	72.000	100	11	1	8316	8415	202	284	8.01e-09	66.2
CM000602.2_930714-943649	NODE_23968_length_83_cov_20.071429	77.108	83	19	0	8027	8109	83	1	2.80e-08	65.3
CM000602.2_930714-943649	NODE_173_length_76269_cov_8.713832	89.583	48	5	0	8365	8412	342	295	2.80e-08	65.3
CM000602.2_930714-943649	NODE_173_length_76269_cov_8.713832	96.154	26	1	0	8319	8344	363	338	0.091	43.7
CM000602.2_930714-943649	NODE_3446_length_691_cov_8.539308	91.111	45	4	0	8367	8411	355	399	2.80e-08	64.4
CM000602.2_930714-943649	NODE_6937_length_290_cov_8.127660	89.362	47	5	0	8369	8415	102	56	9.76e-08	63.5
CM000602.2_930714-943649	NODE_26986_length_66_cov_79.636364	83.051	59	10	0	10059	10117	63	5	9.76e-08	62.6
CM000602.2_930714-943649	NODE_3962_length_559_cov_7.581349	80.519	77	11	3	8340	8415	415	488	9.76e-08	62.6
CM000602.2_930714-943649	NODE_2204_length_1454_cov_7.756969	64.286	322	61	11	9722	9998	623	311	9.76e-08	62.6
CM000602.2_930714-943649	NODE_2204_length_1454_cov_7.756969	83.019	53	9	0	12697	12749	640	588	1.45e-05	56.3
CM000602.2_930714-943649	NODE_14762_length_137_cov_7.853659	89.130	46	5	0	3327	3372	136	91	3.41e-07	61.7
CM000602.2_930714-943649	NODE_4669_length_451_cov_5.022727	86.275	51	7	0	8365	8415	210	260	3.41e-07	61.7
CM000602.2_930714-943649	NODE_2894_length_896_cov_17.151011	81.429	70	11	2	10115	10184	211	144	3.41e-07	61.7
CM000602.2_930714-943649	NODE_1180_length_4466_cov_14.686239	76.543	81	19	0	7050	7130	2878	2958	3.41e-07	61.7
CM000602.2_930714-943649	NODE_1180_length_4466_cov_14.686239	76.271	59	13	1	6726	6783	2578	2636	0.32	41.0
CM000602.2_930714-943649	NODE_1180_length_4466_cov_14.686239	86.667	30	4	0	5402	5431	1266	1295	3.9	37.4
CM000602.2_930714-943649	NODE_1180_length_4466_cov_14.686239	80.000	40	8	0	6933	6972	2782	2821	3.9	37.4
CM000602.2_930714-943649	NODE_409_length_34905_cov_7.520603	89.130	46	5	0	3327	3372	34904	34859	3.41e-07	61.7
CM000602.2_930714-943649	NODE_25770_length_72_cov_39.117647	80.000	70	8	2	10087	10150	2	71	3.41e-07	60.8
CM000602.2_930714-943649	NODE_24789_length_77_cov_39.045455	94.737	38	2	0	8378	8415	1	38	3.41e-07	60.8
CM000602.2_930714-943649	NODE_7554_length_266_cov_9.061611	71.545	123	20	4	9911	10020	248	128	3.41e-07	60.8
CM000602.2_930714-943649	NODE_6632_length_302_cov_9.372470	68.932	206	40	10	8203	8399	265	75	3.41e-07	60.8
CM000602.2_930714-943649	NODE_22769_length_94_cov_11.897436	97.143	35	1	0	8381	8415	94	60	1.19e-06	59.9
CM000602.2_930714-943649	NODE_22631_length_95_cov_22.650000	80.000	65	13	0	3157	3221	65	1	1.19e-06	59.9
CM000602.2_930714-943649	NODE_3098_length_804_cov_8.771696	86.000	50	7	0	8366	8415	66	115	1.19e-06	59.9
CM000602.2_930714-943649	NODE_27753_length_58_cov_31.000000	88.636	44	5	0	10059	10102	52	9	4.15e-06	58.1
CM000602.2_930714-943649	NODE_27387_length_62_cov_69.428571	88.636	44	5	0	10059	10102	12	55	4.15e-06	58.1
CM000602.2_930714-943649	NODE_26503_length_69_cov_33.071429	88.636	44	5	0	10059	10102	26	69	4.15e-06	58.1
CM000602.2_930714-943649	NODE_23982_length_83_cov_16.285714	88.636	44	5	0	8015	8058	35	78	4.15e-06	58.1
CM000602.2_930714-943649	NODE_10998_length_181_cov_9.174603	69.730	185	43	8	8055	8231	181	2	4.15e-06	58.1
CM000602.2_930714-943649	NODE_7708_length_261_cov_7.310680	85.714	49	7	0	8367	8415	165	117	4.15e-06	58.1
CM000602.2_930714-943649	NODE_615_length_17872_cov_7.755065	79.365	63	13	0	599	661	8503	8565	1.45e-05	56.3
CM000602.2_930714-943649	NODE_615_length_17872_cov_7.755065	92.308	26	2	0	1011	1036	8992	9017	1.1	39.2
CM000602.2_930714-943649	NODE_26718_length_68_cov_28.615385	79.104	67	8	2	10087	10147	67	1	1.45e-05	55.4
CM000602.2_930714-943649	NODE_295_length_50396_cov_7.570072	79.710	69	12	2	10116	10184	84	150	1.45e-05	55.4
CM000602.2_930714-943649	NODE_25967_length_71_cov_46.562500	78.261	69	9	2	10070	10132	71	3	5.06e-05	54.5
CM000602.2_930714-943649	NODE_20838_length_111_cov_6.142857	85.106	47	7	0	3157	3203	47	1	5.06e-05	54.5
CM000602.2_930714-943649	NODE_2090_length_1617_cov_8.352113	88.095	42	5	0	7986	8027	42	1	5.06e-05	54.5
CM000602.2_930714-943649	NODE_26606_length_69_cov_15.642857	76.812	69	16	0	8041	8109	69	1	5.06e-05	53.6
CM000602.2_930714-943649	NODE_16708_length_119_cov_16.328125	86.364	44	6	0	3157	3200	44	1	5.06e-05	53.6
CM000602.2_930714-943649	NODE_1087_length_5319_cov_8.204027	86.364	44	6	0	8372	8415	126	83	5.06e-05	53.6
CM000602.2_930714-943649	NODE_27736_length_58_cov_57.666667	83.333	48	8	0	10070	10117	55	8	1.77e-04	51.8
CM000602.2_930714-943649	NODE_25703_length_73_cov_11.666667	75.676	74	15	1	8050	8123	71	1	1.77e-04	51.8
CM000602.2_930714-943649	NODE_17228_length_114_cov_55.338983	86.047	43	6	0	3157	3199	71	113	1.77e-04	51.8
CM000602.2_930714-943649	NODE_6710_length_299_cov_7.811475	70.339	118	25	3	8220	8336	292	184	1.77e-04	51.8
CM000602.2_930714-943649	NODE_2820_length_929_cov_8.615561	69.048	168	37	7	8238	8400	609	766	1.77e-04	51.8
CM000602.2_930714-943649	NODE_2820_length_929_cov_8.615561	78.261	69	13	2	10116	10184	611	677	6.16e-04	50.9
CM000602.2_930714-943649	NODE_5832_length_349_cov_9.775510	79.688	64	11	2	10116	10179	255	194	6.16e-04	50.9
CM000602.2_930714-943649	NODE_5157_length_403_cov_10.086207	66.667	198	37	8	8220	8415	22	192	6.16e-04	50.9
CM000602.2_930714-943649	NODE_1094_length_5263_cov_16.679531	87.500	40	5	0	8015	8054	40	1	6.16e-04	50.9
CM000602.2_930714-943649	NODE_12587_length_160_cov_8.085714	67.722	158	49	2	8061	8217	157	1	0.002	49.1
CM000602.2_930714-943649	NODE_3012_length_845_cov_12.617722	84.091	44	7	0	8370	8413	619	662	0.002	49.1
CM000602.2_930714-943649	NODE_1701_length_2286_cov_8.223667	78.788	66	9	3	10121	10184	2225	2163	0.002	48.2
CM000602.2_930714-943649	NODE_1701_length_2286_cov_8.223667	73.256	86	16	3	8316	8400	2097	2018	0.026	45.5
CM000602.2_930714-943649	NODE_25869_length_72_cov_17.176471	85.000	40	6	0	7986	8025	40	1	0.008	46.4
CM000602.2_930714-943649	NODE_25456_length_74_cov_17.473684	85.000	40	6	0	8015	8054	35	74	0.008	46.4
CM000602.2_930714-943649	NODE_318_length_46671_cov_7.769157	100.000	25	0	0	10254	10278	21592	21616	0.008	46.4
CM000602.2_930714-943649	NODE_318_length_46671_cov_7.769157	92.000	25	2	0	10254	10278	21374	21350	3.9	37.4
CM000602.2_930714-943649	NODE_21319_length_109_cov_8.018519	96.296	27	1	0	3346	3372	1	27	0.026	45.5
CM000602.2_930714-943649	NODE_21192_length_110_cov_7.854545	96.296	27	1	0	3346	3372	110	84	0.026	45.5
CM000602.2_930714-943649	NODE_1305_length_3737_cov_8.889462	72.131	122	24	7	8096	8209	166	285	0.026	45.5
CM000602.2_930714-943649	NODE_1059_length_5609_cov_7.729204	78.846	52	11	0	3321	3372	2648	2597	0.026	45.5
CM000602.2_930714-943649	NODE_842_length_8817_cov_16.335540	71.654	127	21	8	8028	8144	8638	8759	0.026	45.5
CM000602.2_930714-943649	NODE_27296_length_63_cov_38.250000	84.091	44	3	2	8087	8129	54	14	0.091	43.7
CM000602.2_930714-943649	NODE_24636_length_78_cov_26.608696	90.323	31	3	0	8015	8045	31	1	0.091	43.7
CM000602.2_930714-943649	NODE_2424_length_1228_cov_8.814152	77.273	66	10	3	10121	10184	632	694	0.091	43.7
CM000602.2_930714-943649	NODE_957_length_6917_cov_7.860391	73.239	71	19	0	7697	7767	1133	1063	0.091	43.7
CM000602.2_930714-943649	NODE_183_length_74825_cov_7.534185	84.444	45	5	2	10140	10183	71798	71841	0.091	43.7
CM000602.2_930714-943649	NODE_183_length_74825_cov_7.534185	92.000	25	2	0	2016	2040	52098	52074	3.9	37.4
CM000602.2_930714-943649	NODE_24254_length_81_cov_9.461538	73.684	76	16	2	8055	8129	1	73	0.091	42.8
CM000602.2_930714-943649	NODE_11456_length_174_cov_12.521008	68.750	112	28	2	7645	7755	22	127	0.091	42.8
CM000602.2_930714-943649	NODE_879_length_8093_cov_7.753670	76.667	60	13	1	8087	8145	7928	7869	0.091	42.8
CM000602.2_930714-943649	NODE_406_length_35119_cov_7.627110	81.132	53	5	3	8088	8136	29198	29147	0.091	42.8
CM000602.2_930714-943649	NODE_580_length_20180_cov_7.521789	96.000	25	1	0	3348	3372	1	25	0.32	41.9
CM000602.2_930714-943649	NODE_1324_length_3636_cov_8.344876	80.435	46	7	1	10124	10167	3147	3102	0.32	41.0
CM000602.2_930714-943649	NODE_1025_length_5933_cov_8.295339	75.714	70	13	3	10115	10184	4061	3996	0.32	41.0
CM000602.2_930714-943649	NODE_958_length_6906_cov_15.362721	84.615	39	5	1	10124	10162	1806	1769	0.32	41.0
CM000602.2_930714-943649	NODE_747_length_12140_cov_7.925031	64.940	251	56	10	8171	8400	12138	11899	0.32	41.0
CM000602.2_930714-943649	NODE_151_length_85697_cov_7.459856	92.593	27	2	0	12655	12681	83672	83698	0.32	41.0
CM000602.2_930714-943649	NODE_26602_length_69_cov_15.928571	78.000	50	8	1	10070	10116	65	16	1.1	40.1
CM000602.2_930714-943649	NODE_26292_length_70_cov_31.000000	83.333	42	3	2	8089	8129	1	39	1.1	40.1
CM000602.2_930714-943649	NODE_14339_length_141_cov_10.162791	95.833	24	1	0	3349	3372	141	118	1.1	40.1
CM000602.2_930714-943649	NODE_11454_length_174_cov_12.722689	74.576	59	15	0	7697	7755	69	127	1.1	40.1
CM000602.2_930714-943649	NODE_2244_length_1404_cov_7.414381	79.167	48	8	1	7992	8039	593	548	1.1	40.1
CM000602.2_930714-943649	NODE_2105_length_1602_cov_8.344538	74.286	70	10	3	8011	8080	640	701	1.1	40.1
CM000602.2_930714-943649	NODE_1919_length_1867_cov_8.690397	87.879	33	2	1	10114	10146	1231	1201	1.1	40.1
CM000602.2_930714-943649	NODE_1828_length_2025_cov_8.066497	76.812	69	11	4	8008	8071	825	757	1.1	40.1
CM000602.2_930714-943649	NODE_1828_length_2025_cov_8.066497	93.333	30	0	2	8015	8043	1997	2025	1.1	39.2
CM000602.2_930714-943649	NODE_916_length_7494_cov_7.540530	82.927	41	6	1	10130	10169	1069	1029	1.1	40.1
CM000602.2_930714-943649	NODE_509_length_25679_cov_7.668670	75.410	61	9	2	7987	8041	5905	5845	1.1	40.1
CM000602.2_930714-943649	NODE_57_length_144229_cov_7.449027	95.833	24	1	0	6215	6238	79395	79418	1.1	40.1
CM000602.2_930714-943649	NODE_24707_length_78_cov_15.173913	81.818	44	4	2	8087	8129	7	47	1.1	39.2
CM000602.2_930714-943649	NODE_23469_length_87_cov_18.312500	75.000	64	12	2	8066	8128	1	61	1.1	39.2
CM000602.2_930714-943649	NODE_13455_length_150_cov_11.052632	93.333	30	0	2	8015	8043	29	1	1.1	39.2
CM000602.2_930714-943649	NODE_11878_length_169_cov_5.350877	92.308	26	2	0	3347	3372	169	144	1.1	39.2
CM000602.2_930714-943649	NODE_6620_length_303_cov_7.379032	72.222	72	12	2	3301	3372	54	117	1.1	39.2
CM000602.2_930714-943649	NODE_4247_length_510_cov_8.720879	88.571	35	2	2	10131	10164	209	176	1.1	39.2
CM000602.2_930714-943649	NODE_4029_length_547_cov_8.335366	87.097	31	4	0	8029	8059	344	374	1.1	39.2
CM000602.2_930714-943649	NODE_1183_length_4448_cov_7.592534	80.851	47	6	2	10123	10167	4245	4290	1.1	39.2
CM000602.2_930714-943649	NODE_1183_length_4448_cov_7.592534	96.000	25	0	1	10143	10167	2989	2966	3.9	38.3
CM000602.2_930714-943649	NODE_835_length_9029_cov_7.558502	100.000	21	0	0	7279	7299	3442	3422	1.1	39.2
CM000602.2_930714-943649	NODE_98_length_107026_cov_7.717166	78.261	46	10	0	6215	6260	30352	30397	1.1	39.2
CM000602.2_930714-943649	NODE_23614_length_86_cov_9.612903	72.368	76	17	2	8055	8129	1	73	3.9	38.3
CM000602.2_930714-943649	NODE_20002_length_111_cov_7.910714	72.368	76	17	2	8055	8129	1	73	3.9	38.3
CM000602.2_930714-943649	NODE_4619_length_458_cov_5.337469	77.419	62	7	4	8036	8092	45	104	3.9	38.3
CM000602.2_930714-943649	NODE_4438_length_481_cov_7.983568	75.472	53	13	0	8048	8100	250	302	3.9	38.3
CM000602.2_930714-943649	NODE_1944_length_1833_cov_8.461755	70.000	110	22	5	8096	8196	361	468	3.9	38.3
CM000602.2_930714-943649	NODE_1527_length_2816_cov_7.805505	84.848	33	5	0	10123	10155	519	551	3.9	38.3
CM000602.2_930714-943649	NODE_1527_length_2816_cov_7.805505	80.000	40	8	0	10123	10162	1337	1376	3.9	37.4
CM000602.2_930714-943649	NODE_1310_length_3710_cov_7.760328	89.286	28	3	0	7533	7560	2598	2625	3.9	38.3
CM000602.2_930714-943649	NODE_1127_length_4907_cov_8.292663	81.395	43	3	2	8384	8423	1177	1137	3.9	38.3
CM000602.2_930714-943649	NODE_1014_length_6029_cov_8.119518	95.652	23	1	0	8032	8054	3546	3524	3.9	38.3
CM000602.2_930714-943649	NODE_973_length_6572_cov_8.233850	90.000	30	2	1	10052	10080	522	493	3.9	38.3
CM000602.2_930714-943649	NODE_973_length_6572_cov_8.233850	73.494	83	12	5	8250	8329	5026	5101	3.9	38.3
CM000602.2_930714-943649	NODE_550_length_22433_cov_7.439852	95.652	23	1	0	7844	7866	13932	13910	3.9	38.3
CM000602.2_930714-943649	NODE_121_length_96864_cov_7.468056	95.652	23	1	0	8678	8700	91313	91335	3.9	38.3
CM000602.2_930714-943649	NODE_66_length_133667_cov_7.451846	78.846	52	9	2	6775	6826	116491	116442	3.9	38.3
CM000602.2_930714-943649	NODE_25761_length_72_cov_44.058824	86.667	30	4	0	3157	3186	43	72	3.9	37.4
CM000602.2_930714-943649	NODE_10093_length_198_cov_20.566434	86.667	30	4	0	6544	6573	106	77	3.9	37.4
CM000602.2_930714-943649	NODE_2990_length_855_cov_9.623750	82.857	35	6	0	8075	8109	603	637	3.9	37.4
CM000602.2_930714-943649	NODE_2814_length_934_cov_15.943117	77.778	45	10	0	8009	8053	347	391	3.9	37.4
CM000602.2_930714-943649	NODE_2682_length_1021_cov_8.589027	92.000	25	2	0	10052	10076	808	784	3.9	37.4
CM000602.2_930714-943649	NODE_1875_length_1933_cov_16.335463	89.655	29	1	1	10140	10166	1492	1520	3.9	37.4
CM000602.2_930714-943649	NODE_1285_length_3843_cov_8.132524	82.857	35	6	0	8075	8109	2364	2398	3.9	37.4
CM000602.2_930714-943649	NODE_1267_length_3918_cov_7.452498	83.784	37	5	1	10184	10219	3659	3695	3.9	37.4
CM000602.2_930714-943649	NODE_1043_length_5765_cov_15.288792	76.712	73	8	6	7991	8063	1423	1486	3.9	37.4
CM000602.2_930714-943649	NODE_964_length_6793_cov_7.472247	86.667	30	4	0	5584	5613	4218	4189	3.9	37.4
CM000602.2_930714-943649	NODE_331_length_45588_cov_7.583862	83.784	37	5	1	8967	9002	21351	21315	3.9	37.4
CM000602.2_930714-943649	NODE_280_length_53066_cov_7.634868	93.103	29	0	2	8015	8042	16534	16561	3.9	37.4
CM000602.2_930714-943649	NODE_221_length_65324_cov_7.483185	100.000	20	0	0	3594	3613	8982	9001	3.9	37.4
CM000602.2_930714-943649	NODE_101_length_106811_cov_7.497012	92.593	27	1	1	10547	10573	64228	64253	3.9	37.4
CM000602.2_930714-943649	NODE_50_length_152858_cov_7.469173	100.000	20	0	0	10458	10477	87692	87711	3.9	37.4
CM000602.2_930714-943649	NODE_33_length_166781_cov_7.455760	92.000	25	2	0	8340	8364	1548	1524	3.9	37.4
